%YAML:1.0
description: "0"
samples:
   - !!opencv-matrix
      rows: 198
      cols: 1
      dt: d
      data: [ -2.1311851792790101e+01, -2.0593932544369817e+01,
          -1.9543735123005298e+01, -1.8069492068522852e+01,
          -1.5854164902327030e+01, -1.2481043782793234e+01,
          -8.2888444289217134e+00, -3.7203908551496134e+00,
          1.1538454554025612e+00, 6.0008077477549469e+00,
          1.0234569475905529e+01, 1.4019818694503540e+01,
          1.7072147869694355e+01, 1.9039631642345029e+01,
          2.0050902361000034e+01, 2.0478945488993180e+01,
          2.0504506803459780e+01, -1.7571186432674438e+01,
          -1.5428098407849085e+01, -1.2556827210361739e+01,
          -9.4218565138399324e+00, -6.3270249771011287e+00,
          3.0199716692656029e+00, 5.8518891181538333e+00,
          8.8795676286064023e+00, 1.1860219608532777e+01,
          1.4388974747793386e+01, -6.0369366389670276e-01,
          -3.9851322919585219e-01, -1.9585184801673963e-01,
          1.5227670214870467e-02, -2.8883640324309785e+00,
          -1.2621533336762141e+00, 4.1213971040696129e-01,
          2.0306140256502379e+00, 3.5433388226911888e+00,
          -1.2257949977537788e+01, -1.0535163916759602e+01,
          -8.4185334359390893e+00, -6.5561746087904016e+00,
          -8.4157177454001602e+00, -1.0372428858172974e+01,
          5.0002771052330264e+00, 6.6725992073275684e+00,
          8.7514910861390121e+00, 1.0602837454696292e+01,
          8.8299459079117817e+00, 6.8901548485412745e+00,
          -6.1530862074702837e+00, -4.0440129163132443e+00,
          -1.7446794844016633e+00, 8.2572451421630100e-01,
          3.3429505947175246e+00, 5.7483974437813563e+00,
          7.9650757277720485e+00, 6.0314255460481734e+00,
          3.6828164491463471e+00, 1.1613716760918102e+00,
          -1.3826232218516330e+00, -3.8900485775355316e+00,
          -1.6396432186151109e+00, 9.8005930944237551e-01,
          3.5882736770350765e+00, 3.6221692108014656e+00,
          1.0372873517515884e+00, -1.5580392347340923e+00,
          -5.4780034011496346e+00, -4.7485207956978387e-01,
          4.5011620803385819e+00, 9.3096993155759336e+00,
          1.3632319623209803e+01, 1.7023535011925457e+01,
          1.9432137468388685e+01, 2.1063501724425699e+01,
          2.1328040954222374e+01, 2.0474221115346285e+01,
          1.8130840064296532e+01, 1.5145118759628232e+01,
          1.1459256424326686e+01, 7.1332524337038681e+00,
          2.5089640006327638e+00, -2.2301719356512510e+00,
          -6.9664126046201131e+00, -1.5107390476729769e+01,
          -1.7345377419330372e+01, -1.8602407920278278e+01,
          -1.8821101243003493e+01, -1.8264879117038099e+01,
          -1.8526417994401665e+01, -1.9567797466801327e+01,
          -1.9883450804665113e+01, -1.9312133759882116e+01,
          -1.7697229812180794e+01, -1.0904523801304400e+01,
          -7.6116463195017348e+00, -4.3351584637929186e+00,
          -1.0641313302990894e+00, 1.7885105736408820e+00,
          2.0854109882968301e+00, 2.1222130778728991e+00,
          1.8622403848461737e+00, 1.3229969687692613e+00,
          -9.5903204671783282e+00, -1.0723520665783006e+01,
          -1.0901635675382263e+01, -1.0018334423064493e+01,
          -9.4042176718169497e+00, -9.2282126231443264e+00,
          -1.0726420627909524e+01, -1.1811235224786774e+01,
          -1.1968624314227201e+01, -1.1110329765339227e+01,
          -1.0453420097751652e+01, -1.0373181981440338e+01,
          9.4964985285737136e+00, 8.0101730848055350e+00,
          6.7542174169091993e+00, 6.8144250590436135e+00,
          6.4068254502450301e+00, 7.2963142835321566e+00,
          8.4929681090614118e+00, 9.8529900746632677e+00,
          1.0685419185887717e+01, 1.1020999809119544e+01,
          1.1020667383406805e+01, 1.0556238061044455e+01,
          8.6485462963125421e+00, 8.4344295029279728e+00,
          8.2831233001706579e+00, 8.5989717376328656e+00,
          8.8352442496119945e+00, 8.9711852008445625e+00,
          2.1430096480925251e+01, 2.0745977681045460e+01,
          2.0451228499522749e+01, 1.8336653506137299e+01,
          1.3368148446142081e+01, 7.8966562932791859e+00,
          3.3481429512304337e+00, -7.6135466557395182e-01,
          -4.4547067896940007e+00, -7.9952488956513212e-01,
          3.4044705585024246e+00, 7.9200957518729007e+00,
          1.3357447621587911e+01, 1.8217091666947045e+01,
          2.0534666692510271e+01, 2.0821057776816637e+01,
          2.1325683228180036e+01, 3.7863678250967181e-01,
          -1.4579722786408780e+00, -2.8545753277418875e+00,
          -4.0735908907878846e+00, -5.1456444733416102e+00,
          -5.0591135989722469e+00, -3.8830351100553453e+00,
          -2.6199471839663082e+00, -1.1832143382466282e+00,
          6.0903674070518177e-01, -4.9011878104813169e+00,
          -7.8341985305794859e+00, -1.0815241240692055e+01,
          -1.3515387093664856e+01, -6.5107911744755329e+00,
          -7.3599821319088701e+00, -8.1697011429204807e+00,
          -7.2614666503322001e+00, -6.5326401814764194e+00,
          -9.6320104891967095e-01, -1.0788211203247846e+00,
          -1.0995173885898741e+00, -8.3834544276656486e-01,
          -1.0881309207643348e+00, -1.1352714036426623e+00,
          -7.3356632703113067e-01, -1.0123310422853307e+00,
          -8.8868745861573384e-01, -6.2885468694071600e-01,
          -8.8985966850871312e-01, -8.6975416154735219e-01,
          -2.8569475729746947e+00, -5.1612060645820739e+00,
          -6.7325024012712342e+00, -8.4300726206503072e+00,
          -6.4724207835861760e+00, -4.9335416862316954e+00,
          -2.7244926748810014e+00, -3.9700706381525190e+00,
          -5.0232058861648232e+00, -6.4600984822905430e+00,
          -5.1739065392758805e+00, -4.0086774748156078e+00,
          -5.4015463157070709e+00, -7.4959828501820205e+00,
          -5.2634725136811715e+00, -4.5898496970847269e+00,
          -6.3658975558351596e+00, -4.6614756841936087e+00 ]
